varU	varE	Ind_gen	Densidad	h2	Pedigrí	Enfoque
0.44328005487	0.155682912372	0	1.000	0.74	Pedigrí 1.1	Bayesiano
0.46694712848	0.147333157243	148	1.000	0.76	Pedigrí 1.1	Bayesiano
0.4614863438	0.141160583409	298	1.000	0.77	Pedigrí 1.1	Bayesiano
0.35165629572	0.22723470032	451	1.000	0.61	Pedigrí 1.1	Bayesiano
0.44209574273	0.157322183503	0	10.000	0.74	Pedigrí 1.1	Bayesiano
0.4472959575	0.154999075354	148	10.000	0.74	Pedigrí 1.1	Bayesiano
0.42857331369	0.139239916388	298	10.000	0.75	Pedigrí 1.1	Bayesiano
0.40131152525	0.146034264223	451	10.000	0.73	Pedigrí 1.1	Bayesiano
0.44099765858	0.157922319209	0	100.000	0.74	Pedigrí 1.1	Bayesiano
0.4490771035	0.15285917186	148	100.000	0.75	Pedigrí 1.1	Bayesiano
0.4244605167	0.140765219225	298	100.000	0.75	Pedigrí 1.1	Bayesiano
0.40234301345	0.137866393376	451	100.000	0.74	Pedigrí 1.1	Bayesiano
0.41478387453	0.190244341113	0	1.000	0.69	Pedigrí 1.2	Bayesiano
0.44799650615	0.176472354525	148	1.000	0.72	Pedigrí 1.2	Bayesiano
0.47032904103	0.151928864694	298	1.000	0.76	Pedigrí 1.2	Bayesiano
0.35250802813	0.22764778314	451	1.000	0.61	Pedigrí 1.2	Bayesiano
0.41167020869	0.191123925595	0	10.000	0.68	Pedigrí 1.2	Bayesiano
0.4245167129	0.185505498421	148	10.000	0.7	Pedigrí 1.2	Bayesiano
0.43147833237	0.150541606949	298	10.000	0.74	Pedigrí 1.2	Bayesiano
0.40249712892	0.145441792345	451	10.000	0.73	Pedigrí 1.2	Bayesiano
0.41123649828	0.192196134019	0	100.000	0.68	Pedigrí 1.2	Bayesiano
0.4264679853	0.182874869292	148	100.000	0.7	Pedigrí 1.2	Bayesiano
0.42837731999	0.151928062839	298	100.000	0.74	Pedigrí 1.2	Bayesiano
0.40141621355	0.138055280455	451	100.000	0.74	Pedigrí 1.2	Bayesiano
0.42596406931	0.161779694397	0	1.000	0.72	Pedigrí 1.3	Bayesiano
0.4551595696	0.150211198039	148	1.000	0.75	Pedigrí 1.3	Bayesiano
0.46214808646	0.150696469993	298	1.000	0.75	Pedigrí 1.3	Bayesiano
0.35165112662	0.22786074958	451	1.000	0.61	Pedigrí 1.3	Bayesiano
0.42720043274	0.160804892187	0	10.000	0.73	Pedigrí 1.3	Bayesiano
0.4421753876	0.154816266929	148	10.000	0.74	Pedigrí 1.3	Bayesiano
0.42374594679	0.149358992771	298	10.000	0.74	Pedigrí 1.3	Bayesiano
0.4010772709	0.146148943077	451	10.000	0.73	Pedigrí 1.3	Bayesiano
0.42433026488	0.161966574755	0	100.000	0.72	Pedigrí 1.3	Bayesiano
0.4445044806	0.151580566099	148	100.000	0.75	Pedigrí 1.3	Bayesiano
0.41921771583	0.153470433285	298	100.000	0.73	Pedigrí 1.3	Bayesiano
0.40140900657	0.138015588687	451	100.000	0.74	Pedigrí 1.3	Bayesiano
0.43197557115	0.152228935514	0	1.000	0.74	Pedigrí 1.4	Bayesiano
0.46353269603	0.145987289416	148	1.000	0.76	Pedigrí 1.4	Bayesiano
0.45294535747	0.150776655561	298	1.000	0.75	Pedigrí 1.4	Bayesiano
0.34988367544	0.22885521213	451	1.000	0.6	Pedigrí 1.4	Bayesiano
0.43048144207	0.154317498085	0	10.000	0.74	Pedigrí 1.4	Bayesiano
0.4375351253	0.158080963557	148	10.000	0.73	Pedigrí 1.4	Bayesiano
0.42582694938	0.141513139911	298	10.000	0.75	Pedigrí 1.4	Bayesiano
0.40108175919	0.146672580787	451	10.000	0.73	Pedigrí 1.4	Bayesiano
0.42993328907	0.154235466456	0	100.000	0.74	Pedigrí 1.4	Bayesiano
0.44334591646	0.152293285262	148	100.000	0.74	Pedigrí 1.4	Bayesiano
0.42317909742	0.142373467142	298	100.000	0.75	Pedigrí 1.4	Bayesiano
0.40176872023	0.138005909909	451	100.000	0.74	Pedigrí 1.4	Bayesiano
0.42309839854	0.176982027837	0	1.000	0.71	Pedigrí 1.5	Bayesiano
0.45545880145	0.158691651564	148	1.000	0.74	Pedigrí 1.5	Bayesiano
0.44526969397	0.165495172133	298	1.000	0.73	Pedigrí 1.5	Bayesiano
0.35006857289	0.22838556714	451	1.000	0.61	Pedigrí 1.5	Bayesiano
0.42233283882	0.17792698177	0	10.000	0.7	Pedigrí 1.5	Bayesiano
0.4390383493	0.16514144607	148	10.000	0.73	Pedigrí 1.5	Bayesiano
0.4158970066	0.161355079451	298	10.000	0.72	Pedigrí 1.5	Bayesiano
0.40229444278	0.145604240988	451	10.000	0.73	Pedigrí 1.5	Bayesiano
0.42104029904	0.179252293357	0	100.000	0.7	Pedigrí 1.5	Bayesiano
0.43925763707	0.164295637893	148	100.000	0.73	Pedigrí 1.5	Bayesiano
0.41519520446	0.161775667041	298	100.000	0.72	Pedigrí 1.5	Bayesiano
0.40027847801	0.139874407257	451	100.000	0.74	Pedigrí 1.5	Bayesiano
0.44989111334	0.167325110142	0	1.000	0.73	Pedigrí 1.6	Bayesiano
0.46813237779	0.154994943216	148	1.000	0.75	Pedigrí 1.6	Bayesiano
0.46777850526	0.146516739759	298	1.000	0.76	Pedigrí 1.6	Bayesiano
0.3520343903	0.22724732749	451	1.000	0.61	Pedigrí 1.6	Bayesiano
0.45303257613	0.166574043088	0	10.000	0.73	Pedigrí 1.6	Bayesiano
0.45131374156	0.161562350816	148	10.000	0.74	Pedigrí 1.6	Bayesiano
0.43399717168	0.142123267556	298	10.000	0.75	Pedigrí 1.6	Bayesiano
0.40246322079	0.145713146317	451	10.000	0.73	Pedigrí 1.6	Bayesiano
0.44662215175	0.170050583326	0	100.000	0.72	Pedigrí 1.6	Bayesiano
0.4517058437	0.161032756408	148	100.000	0.74	Pedigrí 1.6	Bayesiano
0.43447987109	0.140964471843	298	100.000	0.76	Pedigrí 1.6	Bayesiano
0.40104879334	0.137966325603	451	100.000	0.74	Pedigrí 1.6	Bayesiano
0.43782152732	0.137796055471	0	1.000	0.76	Pedigrí 1.7	Bayesiano
0.45695996864	0.13189207478	148	1.000	0.78	Pedigrí 1.7	Bayesiano
0.45394589564	0.139004804135	298	1.000	0.77	Pedigrí 1.7	Bayesiano
0.35369488568	0.22735303847	451	1.000	0.61	Pedigrí 1.7	Bayesiano
0.43916296028	0.137863827902	0	10.000	0.76	Pedigrí 1.7	Bayesiano
0.44232195078	0.137006161929	148	10.000	0.76	Pedigrí 1.7	Bayesiano
0.42513305314	0.130671324268	298	10.000	0.76	Pedigrí 1.7	Bayesiano
0.40120005259	0.145687271054	451	10.000	0.73	Pedigrí 1.7	Bayesiano
0.44044765227	0.136723331972	0	100.000	0.76	Pedigrí 1.7	Bayesiano
0.44332448134	0.134570630659	148	100.000	0.77	Pedigrí 1.7	Bayesiano
0.42463566996	0.132153110802	298	100.000	0.76	Pedigrí 1.7	Bayesiano
0.40180249618	0.138451842164	451	100.000	0.74	Pedigrí 1.7	Bayesiano
0.42579670371	0.151902959418	0	1.000	0.74	Pedigrí 1.8	Bayesiano
0.44982834555	0.141329964442	148	1.000	0.76	Pedigrí 1.8	Bayesiano
0.44997147354	0.147463167789	298	1.000	0.75	Pedigrí 1.8	Bayesiano
0.35300534867	0.22753485068	451	1.000	0.61	Pedigrí 1.8	Bayesiano
0.42567423263	0.151989602455	0	10.000	0.74	Pedigrí 1.8	Bayesiano
0.43201798248	0.147517051826	148	10.000	0.75	Pedigrí 1.8	Bayesiano
0.42290409884	0.139513528304	298	10.000	0.75	Pedigrí 1.8	Bayesiano
0.40427167248	0.144980261211	451	10.000	0.74	Pedigrí 1.8	Bayesiano
0.42623051461	0.151769393305	0	100.000	0.74	Pedigrí 1.8	Bayesiano
0.43187836277	0.147135408983	148	100.000	0.75	Pedigrí 1.8	Bayesiano
0.42011843421	0.141337424814	298	100.000	0.75	Pedigrí 1.8	Bayesiano
0.40228652207	0.138280745367	451	100.000	0.74	Pedigrí 1.8	Bayesiano
0.39299675365	0.211587666747	0	1.000	0.65	Pedigrí 1.9	Bayesiano
0.42486407002	0.193970651537	148	1.000	0.69	Pedigrí 1.9	Bayesiano
0.43881718968	0.176377262666	298	1.000	0.71	Pedigrí 1.9	Bayesiano
0.35213931299	0.22751544229	451	1.000	0.61	Pedigrí 1.9	Bayesiano
0.3891698994	0.212760174963	0	10.000	0.65	Pedigrí 1.9	Bayesiano
0.40469182125	0.202308463722	148	10.000	0.67	Pedigrí 1.9	Bayesiano
0.40307444453	0.174166455262	298	10.000	0.7	Pedigrí 1.9	Bayesiano
0.40345931218	0.14504165519	451	10.000	0.74	Pedigrí 1.9	Bayesiano
0.39004846957	0.212956496846	0	100.000	0.65	Pedigrí 1.9	Bayesiano
0.40115344592	0.203802753975	148	100.000	0.66	Pedigrí 1.9	Bayesiano
0.40176369231	0.176196127285	298	100.000	0.7	Pedigrí 1.9	Bayesiano
0.40241835388	0.138303580942	451	100.000	0.74	Pedigrí 1.9	Bayesiano
0.44113994944	0.133742570057	0	1.000	0.77	Pedigrí 1.10	Bayesiano
0.46670478192	0.129056210936	148	1.000	0.78	Pedigrí 1.10	Bayesiano
0.46854485058	0.131654307864	298	1.000	0.78	Pedigrí 1.10	Bayesiano
0.35075160476	0.22809100393	451	1.000	0.61	Pedigrí 1.10	Bayesiano
0.44412461798	0.132014748862	0	10.000	0.77	Pedigrí 1.10	Bayesiano
0.44928807629	0.134541490512	148	10.000	0.77	Pedigrí 1.10	Bayesiano
0.43578820989	0.127411459637	298	10.000	0.77	Pedigrí 1.10	Bayesiano
0.40179096183	0.145131370352	451	10.000	0.73	Pedigrí 1.10	Bayesiano
0.44111060063	0.134020658014	0	100.000	0.77	Pedigrí 1.10	Bayesiano
0.45136170397000003	0.131091973181	148	100.000	0.77	Pedigrí 1.10	Bayesiano
0.43310945929	0.128700622779	298	100.000	0.77	Pedigrí 1.10	Bayesiano
0.40216062888	0.138103735753	451	100.000	0.74	Pedigrí 1.10	Bayesiano
0.4882408035676469	0.11312627486517282	0	1.000	0.81	Pedigrí 1.1	REML
0.5288393492289879	0.09199201253201812	148	1.000	0.85	Pedigrí 1.1	REML
0.4973081060839121	0.10411682869984111	298	1.000	0.83	Pedigrí 1.1	REML
0.3295920216975458	0.22747445431950578	451	1.000	0.59	Pedigrí 1.1	REML
0.4882408035676469	0.11312627486517282	0	10.000	0.81	Pedigrí 1.1	REML
0.4873571519856221	0.11263656366750815	148	10.000	0.81	Pedigrí 1.1	REML
0.4873571519856221	0.11263656366750815	298	10.000	0.81	Pedigrí 1.1	REML
0.4120286465062077	0.12276882011659004	451	10.000	0.77	Pedigrí 1.1	REML
0.4882408035676469	0.11312627486517282	0	100.000	0.81	Pedigrí 1.1	REML
0.4926510288970038	0.10862273842394479	148	100.000	0.82	Pedigrí 1.1	REML
0.4539089322795922	0.1046289786132731	298	100.000	0.81	Pedigrí 1.1	REML
0.4143481167891924	0.11312301197591625	451	100.000	0.79	Pedigrí 1.1	REML
0.41557255241031604	0.17621802713522483	0	1.000	0.7	Pedigrí 1.2	REML
0.4642514991260236	0.15113273480474482	148	1.000	0.75	Pedigrí 1.2	REML
0.5003570778921043	0.11854825373080183	298	1.000	0.81	Pedigrí 1.2	REML
0.3295920216975458	0.22747445431950578	451	1.000	0.59	Pedigrí 1.2	REML
0.41557255241031604	0.17621802713522483	0	10.000	0.7	Pedigrí 1.2	REML
0.43046401528629125	0.16673459100533283	148	10.000	0.72	Pedigrí 1.2	REML
0.46098317019406315	0.11533983023873505	298	10.000	0.8	Pedigrí 1.2	REML
0.4120286465062077	0.12276882011659004	451	10.000	0.77	Pedigrí 1.2	REML
0.41557255241031604	0.17621802713522483	0	100.000	0.7	Pedigrí 1.2	REML
0.4331159318023014	0.16442574655488093	148	100.000	0.72	Pedigrí 1.2	REML
0.4563621467044445	0.11806572874132475	298	100.000	0.79	Pedigrí 1.2	REML
0.4143481167891924	0.11312301197591625	451	100.000	0.79	Pedigrí 1.2	REML
0.462858740417765	0.12426985099490129	0	1.000	0.79	Pedigrí 1.3	REML
0.5201663769944718	0.09425810185956755	148	1.000	0.85	Pedigrí 1.3	REML
0.49086870664881177	0.11835607855806717	298	1.000	0.81	Pedigrí 1.3	REML
0.3295920216975458	0.22747445431950578	451	1.000	0.59	Pedigrí 1.3	REML
0.462858740417765	0.12426985099490129	0	10.000	0.79	Pedigrí 1.3	REML
0.48510569173120277	0.11125764905921393	148	10.000	0.81	Pedigrí 1.3	REML
0.4467150232471495	0.1186277680602067	298	10.000	0.79	Pedigrí 1.3	REML
0.4120286465062077	0.12276882011659004	451	10.000	0.77	Pedigrí 1.3	REML
0.462858740417765	0.12426985099490129	0	100.000	0.79	Pedigrí 1.3	REML
0.4923319215060968	0.10578571241757323	148	100.000	0.82	Pedigrí 1.3	REML
0.4417463470673425	0.12213199838413655	298	100.000	0.78	Pedigrí 1.3	REML
0.4143481167891924	0.11312301197591625	451	100.000	0.79	Pedigrí 1.3	REML
0.4818953466547321	0.10706934330068975	0	1.000	0.82	Pedigrí 1.4	REML
0.5255741991368227	0.0916283239762752	148	1.000	0.85	Pedigrí 1.4	REML
0.47613744309741635	0.12162208374518513	298	1.000	0.8	Pedigrí 1.4	REML
0.3295920216975458	0.22747445431950578	451	1.000	0.59	Pedigrí 1.4	REML
0.4818953466547321	0.10706934330068975	0	10.000	0.82	Pedigrí 1.4	REML
0.47909824154214015	0.11492140945973879	148	10.000	0.81	Pedigrí 1.4	REML
0.4535415079818165	0.10644917043847922	298	10.000	0.81	Pedigrí 1.4	REML
0.4120286465062077	0.12276882011659004	451	10.000	0.77	Pedigrí 1.4	REML
0.4818953466547321	0.10706934330068975	0	100.000	0.82	Pedigrí 1.4	REML
0.48264279335231625	0.11181918874593766	148	100.000	0.81	Pedigrí 1.4	REML
0.4533725332623942	0.10660534750130812	298	100.000	0.81	Pedigrí 1.4	REML
0.4143481167891924	0.11312301197591625	451	100.000	0.79	Pedigrí 1.4	REML
0.43668986061772425	0.15490100513834243	0	1.000	0.74	Pedigrí 1.5	REML
0.5001870391328052	0.11536701949255138	148	1.000	0.81	Pedigrí 1.5	REML
0.46141997484576824	0.14132511286019006	298	1.000	0.77	Pedigrí 1.5	REML
0.3295920216975458	0.22747445431950578	451	1.000	0.59	Pedigrí 1.5	REML
0.43668986061772425	0.15490100513834243	0	10.000	0.74	Pedigrí 1.5	REML
0.46685621426129786	0.13213268391294808	148	10.000	0.78	Pedigrí 1.5	REML
0.4268464161847215	0.1389862829343105	298	10.000	0.75	Pedigrí 1.5	REML
0.4120286465062077	0.12276882011659004	451	10.000	0.77	Pedigrí 1.5	REML
0.43668986061772425	0.15490100513834243	0	100.000	0.74	Pedigrí 1.5	REML
0.4668373805880505	0.13105235614062427	148	100.000	0.78	Pedigrí 1.5	REML
0.42259702726690757	0.1413164573766017	298	100.000	0.75	Pedigrí 1.5	REML
0.4143481167891924	0.11312301197591625	451	100.000	0.79	Pedigrí 1.5	REML
0.49608153997546767	0.12489295850839684	0	1.000	0.8	Pedigrí 1.6	REML
0.5314792699899369	0.10040853206583399	148	1.000	0.84	Pedigrí 1.6	REML
0.5062894607556179	0.1070055236438243	298	1.000	0.83	Pedigrí 1.6	REML
0.3295920216975458	0.22747445431950578	451	1.000	0.59	Pedigrí 1.6	REML
0.49608153997546767	0.12489295850839684	0	10.000	0.8	Pedigrí 1.6	REML
0.4971506598616268	0.11717814217594388	148	10.000	0.81	Pedigrí 1.6	REML
0.4803724122103619	0.09488231890041206	298	10.000	0.84	Pedigrí 1.6	REML
0.4120286465062077	0.12276882011659004	451	10.000	0.77	Pedigrí 1.6	REML
0.49608153997546767	0.12489295850839684	0	100.000	0.8	Pedigrí 1.6	REML
0.4961477062239998	0.11716836381157136	148	100.000	0.81	Pedigrí 1.6	REML
0.4731419281465652	0.09841124960439357	298	100.000	0.83	Pedigrí 1.6	REML
0.4143481167891924	0.11312301197591625	451	100.000	0.79	Pedigrí 1.6	REML
0.5274436041329369	0.06687933625911313	0	1.000	0.89	Pedigrí 1.7	REML
0.5613422705032476	0.05118442701443547	148	1.000	0.92	Pedigrí 1.7	REML
0.48995838577463585	0.10177421848639678	298	1.000	0.83	Pedigrí 1.7	REML
0.3295920216975458	0.22747445431950578	451	1.000	0.59	Pedigrí 1.7	REML
0.5274436041329369	0.06687933625911313	0	10.000	0.89	Pedigrí 1.7	REML
0.5263179444806085	0.06706235790373619	148	10.000	0.89	Pedigrí 1.7	REML
0.4634211663391213	0.08890663134871984	298	10.000	0.84	Pedigrí 1.7	REML
0.4120286465062077	0.12276882011659004	451	10.000	0.77	Pedigrí 1.7	REML
0.5274436041329369	0.06687933625911313	0	100.000	0.89	Pedigrí 1.7	REML
0.5285715593307666	0.06469394879721145	148	100.000	0.89	Pedigrí 1.7	REML
0.4602285723868532	0.09070617543172796	298	100.000	0.84	Pedigrí 1.7	REML
0.4143481167891924	0.11312301197591625	451	100.000	0.79	Pedigrí 1.7	REML
0.48427491048799093	0.10024501451226596	0	1.000	0.83	Pedigrí 1.8	REML
0.5416325493043841	0.06765917216700855	148	1.000	0.89	Pedigrí 1.8	REML
0.4775485553374732	0.11522292518432442	298	1.000	0.81	Pedigrí 1.8	REML
0.3295920216975458	0.22747445431950578	451	1.000	0.59	Pedigrí 1.8	REML
0.48427491048799093	0.10024501451226596	0	10.000	0.83	Pedigrí 1.8	REML
0.48620180099115684	0.09699086424670726	148	10.000	0.83	Pedigrí 1.8	REML
0.4534183112275692	0.10306066940930006	298	10.000	0.81	Pedigrí 1.8	REML
0.4120286465062077	0.12276882011659004	451	10.000	0.77	Pedigrí 1.8	REML
0.48427491048799093	0.10024501451226596	0	100.000	0.83	Pedigrí 1.8	REML
0.489555065276692	0.09425921829842199	148	100.000	0.84	Pedigrí 1.8	REML
0.4505389957369161	0.10483653992689713	298	100.000	0.81	Pedigrí 1.8	REML
0.4143481167891924	0.11312301197591625	451	100.000	0.79	Pedigrí 1.8	REML
0.37324504642710216	0.21095801754997992	0	1.000	0.64	Pedigrí 1.9	REML
0.4142435578352037	0.18744356218905553	148	1.000	0.69	Pedigrí 1.9	REML
0.44326976023754244	0.159232985867473	298	1.000	0.74	Pedigrí 1.9	REML
0.3295920216975458	0.22747445431950578	451	1.000	0.59	Pedigrí 1.9	REML
0.37324504642710216	0.21095801754997992	0	10.000	0.64	Pedigrí 1.9	REML
0.38613515070859034	0.2007125187411015	148	10.000	0.66	Pedigrí 1.9	REML
0.4019400259422214	0.16033673536082943	298	10.000	0.71	Pedigrí 1.9	REML
0.4120286465062077	0.12276882011659004	451	10.000	0.77	Pedigrí 1.9	REML
0.37324504642710216	0.21095801754997992	0	100.000	0.64	Pedigrí 1.9	REML
0.3881297556955955	0.19892900431027913	148	100.000	0.66	Pedigrí 1.9	REML
0.4021145801757404	0.16076488650047666	298	100.000	0.71	Pedigrí 1.9	REML
0.4143481167891924	0.11312301197591625	451	100.000	0.79	Pedigrí 1.9	REML
0.5553717313368898	0.04451214053097817	0	1.000	0.93	Pedigrí 1.10	REML
0.606091083002416	0.023201096663441962	148	1.000	0.96	Pedigrí 1.10	REML
0.5187986976378857	0.0844506018011285	298	1.000	0.86	Pedigrí 1.10	REML
0.3295920216975458	0.22747445431950578	451	1.000	0.59	Pedigrí 1.10	REML
0.5553717313368898	0.04451214053097817	0	10.000	0.93	Pedigrí 1.10	REML
0.5604184991849936	0.044482437680954307	148	10.000	0.93	Pedigrí 1.10	REML
0.4833999320348654	0.07764490783695	298	10.000	0.86	Pedigrí 1.10	REML
0.4120286465062077	0.12276882011659004	451	10.000	0.77	Pedigrí 1.10	REML
0.5553717313368898	0.04451214053097817	0	100.000	0.93	Pedigrí 1.10	REML
0.5650422945687535	0.040307646624701966	148	100.000	0.93	Pedigrí 1.10	REML
0.47842593185069293	0.08071760122088394	298	100.000	0.86	Pedigrí 1.10	REML
0.4143481167891924	0.11312301197591625	451	100.000	0.79	Pedigrí 1.10	REML
0.4820902083	0.159756804212	0	1.000	0.75	Pedigrí 2.1	Bayesiano
0.49395432908	0.151177339974	148	1.000	0.77	Pedigrí 2.1	Bayesiano
0.48597680552	0.158578050915	298	1.000	0.75	Pedigrí 2.1	Bayesiano
0.3612295999	0.21765988739	451	1.000	0.62	Pedigrí 2.1	Bayesiano
0.49003229168	0.154207783206	0	10.000	0.76	Pedigrí 2.1	Bayesiano
0.47978968383	0.154080225183	148	10.000	0.76	Pedigrí 2.1	Bayesiano
0.45766266036	0.153383235998	298	10.000	0.75	Pedigrí 2.1	Bayesiano
0.42782322201	0.123267370904	451	10.000	0.78	Pedigrí 2.1	Bayesiano
0.48682635568	0.156570579029	0	100.000	0.76	Pedigrí 2.1	Bayesiano
0.49143534294	0.145772616122	148	100.000	0.77	Pedigrí 2.1	Bayesiano
0.45286717738	0.15464964333	298	100.000	0.75	Pedigrí 2.1	Bayesiano
0.42314190818	0.116675726874	451	100.000	0.78	Pedigrí 2.1	Bayesiano
0.4969158947	0.13157797644	0	1.000	0.79	Pedigrí 2.2	Bayesiano
0.51106938941	0.128586527725	148	1.000	0.8	Pedigrí 2.2	Bayesiano
0.49242104223	0.129080239767	298	1.000	0.79	Pedigrí 2.2	Bayesiano
0.35775046259	0.2191629306	451	1.000	0.62	Pedigrí 2.2	Bayesiano
0.49905547834	0.130274175997	0	10.000	0.79	Pedigrí 2.2	Bayesiano
0.49430971956	0.136750346079	148	10.000	0.78	Pedigrí 2.2	Bayesiano
0.45847134809	0.126562291625	298	10.000	0.78	Pedigrí 2.2	Bayesiano
0.42224945408	0.125153184654	451	10.000	0.77	Pedigrí 2.2	Bayesiano
0.49929101131	0.131180240036	0	100.000	0.79	Pedigrí 2.2	Bayesiano
0.49587228031	0.135202240673	148	100.000	0.79	Pedigrí 2.2	Bayesiano
0.45930779302	0.126155108708	298	100.000	0.78	Pedigrí 2.2	Bayesiano
0.42088930127	0.118765260271	451	100.000	0.78	Pedigrí 2.2	Bayesiano
0.51082437823	0.106938713179	0	1.000	0.83	Pedigrí 2.3	Bayesiano
0.51930108863	0.099171365016	148	1.000	0.84	Pedigrí 2.3	Bayesiano
0.5112075705	0.110247052136	298	1.000	0.82	Pedigrí 2.3	Bayesiano
0.36111902954	0.21801688276	451	1.000	0.62	Pedigrí 2.3	Bayesiano
0.51220565485	0.10589570985	0	10.000	0.83	Pedigrí 2.3	Bayesiano
0.49677000078	0.110548853987	148	10.000	0.82	Pedigrí 2.3	Bayesiano
0.47110822426	0.10909492177	298	10.000	0.81	Pedigrí 2.3	Bayesiano
0.42470408561	0.125229481589	451	10.000	0.77	Pedigrí 2.3	Bayesiano
0.5098082574	0.108891916298	0	100.000	0.82	Pedigrí 2.3	Bayesiano
0.49412974715	0.109457620484	148	100.000	0.82	Pedigrí 2.3	Bayesiano
0.46490467045	0.112325032077	298	100.000	0.81	Pedigrí 2.3	Bayesiano
0.42406552746	0.116735533424	451	100.000	0.78	Pedigrí 2.3	Bayesiano
0.47538445282	0.17667608005	0	1.000	0.73	Pedigrí 2.4	Bayesiano
0.48736910971	0.171677904409	148	1.000	0.74	Pedigrí 2.4	Bayesiano
0.50888101347	0.128501140307	298	1.000	0.8	Pedigrí 2.4	Bayesiano
0.36277474178	0.21683835524	451	1.000	0.63	Pedigrí 2.4	Bayesiano
0.49572611715	0.164758962559	0	10.000	0.75	Pedigrí 2.4	Bayesiano
0.47191940342	0.175938798758	148	10.000	0.73	Pedigrí 2.4	Bayesiano
0.46371501714	0.130312169783	298	10.000	0.78	Pedigrí 2.4	Bayesiano
0.42362975034	0.124596130894	451	10.000	0.77	Pedigrí 2.4	Bayesiano
0.47078760178	0.180933112413	0	100.000	0.72	Pedigrí 2.4	Bayesiano
0.47658539223	0.172787521657	148	100.000	0.73	Pedigrí 2.4	Bayesiano
0.46515226451	0.12947577372	298	100.000	0.78	Pedigrí 2.4	Bayesiano
0.4249589569	0.115776509167	451	100.000	0.79	Pedigrí 2.4	Bayesiano
0.49241326683	0.123439347626	0	1.000	0.8	Pedigrí 2.5	Bayesiano
0.51029839464	0.109204938166	148	1.000	0.82	Pedigrí 2.5	Bayesiano
0.50332305363	0.122858252534	298	1.000	0.8	Pedigrí 2.5	Bayesiano
0.36172513469	0.21747483819	451	1.000	0.62	Pedigrí 2.5	Bayesiano
0.49444571671	0.122704528427	0	10.000	0.8	Pedigrí 2.5	Bayesiano
0.4988303889	0.108085542518	148	10.000	0.82	Pedigrí 2.5	Bayesiano
0.46529009565	0.119345226702	298	10.000	0.8	Pedigrí 2.5	Bayesiano
0.42330048339	0.124716828341	451	10.000	0.77	Pedigrí 2.5	Bayesiano
0.49485676107	0.121345050755	0	100.000	0.8	Pedigrí 2.5	Bayesiano
0.49854709711	0.108825675599	148	100.000	0.82	Pedigrí 2.5	Bayesiano
0.46706877942	0.119828635727	298	100.000	0.8	Pedigrí 2.5	Bayesiano
0.42377713756	0.11689299198	451	100.000	0.78	Pedigrí 2.5	Bayesiano
0.51847882067	0.11025300587	0	1.000	0.82	Pedigrí 2.6	Bayesiano
0.53378376209	0.100151853165	148	1.000	0.84	Pedigrí 2.6	Bayesiano
0.52851484068	0.101277098642	298	1.000	0.84	Pedigrí 2.6	Bayesiano
0.35997453387	0.21799923111	451	1.000	0.62	Pedigrí 2.6	Bayesiano
0.50915898348	0.118396420663	0	10.000	0.81	Pedigrí 2.6	Bayesiano
0.5161696559	0.107196674147	148	10.000	0.83	Pedigrí 2.6	Bayesiano
0.48462873861	0.099350171765	298	10.000	0.83	Pedigrí 2.6	Bayesiano
0.42623613295	0.123034864044	451	10.000	0.78	Pedigrí 2.6	Bayesiano
0.51668144613	0.111969977496	0	100.000	0.82	Pedigrí 2.6	Bayesiano
0.51643527828	0.104684519973	148	100.000	0.83	Pedigrí 2.6	Bayesiano
0.48557181997	0.10012833424	298	100.000	0.83	Pedigrí 2.6	Bayesiano
0.4232395682	0.116773145578	451	100.000	0.78	Pedigrí 2.6	Bayesiano
0.51278333251	0.131892449858	0	1.000	0.8	Pedigrí 2.7	Bayesiano
0.52362815877	0.129162400068	148	1.000	0.8	Pedigrí 2.7	Bayesiano
0.50648650794	0.120311258427	298	1.000	0.81	Pedigrí 2.7	Bayesiano
0.35830037378	0.2188643292	451	1.000	0.62	Pedigrí 2.7	Bayesiano
0.51399829489	0.129007913632	0	10.000	0.8	Pedigrí 2.7	Bayesiano
0.51023428285	0.13216260906	148	10.000	0.79	Pedigrí 2.7	Bayesiano
0.47785368596	0.112050171972	298	10.000	0.81	Pedigrí 2.7	Bayesiano
0.42377925355	0.123778138676	451	10.000	0.77	Pedigrí 2.7	Bayesiano
0.51556542873	0.129916964447	0	100.000	0.8	Pedigrí 2.7	Bayesiano
0.50075868562	0.137357923099	148	100.000	0.78	Pedigrí 2.7	Bayesiano
0.46890599958	0.118599334946	298	100.000	0.8	Pedigrí 2.7	Bayesiano
0.42443388799	0.115254682877	451	100.000	0.79	Pedigrí 2.7	Bayesiano
0.46464505231	0.175215924246	0	1.000	0.73	Pedigrí 2.8	Bayesiano
0.48341559044	0.165952209408	148	1.000	0.74	Pedigrí 2.8	Bayesiano
0.4979167071	0.128006184103	298	1.000	0.8	Pedigrí 2.8	Bayesiano
0.35885574407	0.21924065362	451	1.000	0.62	Pedigrí 2.8	Bayesiano
0.46411143859	0.175991655566	0	10.000	0.73	Pedigrí 2.8	Bayesiano
0.46698970897	0.1682745189	148	10.000	0.74	Pedigrí 2.8	Bayesiano
0.45765678524	0.131170974343	298	10.000	0.78	Pedigrí 2.8	Bayesiano
0.42599930392	0.123329229719	451	10.000	0.78	Pedigrí 2.8	Bayesiano
0.46397255092	0.176676593959	0	100.000	0.72	Pedigrí 2.8	Bayesiano
0.4583064465	0.174428188877	148	100.000	0.72	Pedigrí 2.8	Bayesiano
0.45196186437	0.13375857591	298	100.000	0.77	Pedigrí 2.8	Bayesiano
0.42507465733	0.116741941573	451	100.000	0.78	Pedigrí 2.8	Bayesiano
0.51044155579	0.123849815098	0	1.000	0.8	Pedigrí 2.9	Bayesiano
0.52907152127	0.119531369619	148	1.000	0.82	Pedigrí 2.9	Bayesiano
0.49658197525	0.127377958876	298	1.000	0.8	Pedigrí 2.9	Bayesiano
0.35976254557	0.21901324788	451	1.000	0.62	Pedigrí 2.9	Bayesiano
0.50868867177	0.125608357006	0	10.000	0.8	Pedigrí 2.9	Bayesiano
0.51792714862	0.12236431729	148	10.000	0.81	Pedigrí 2.9	Bayesiano
0.46023038211	0.124516005056	298	10.000	0.79	Pedigrí 2.9	Bayesiano
0.42073344171	0.126049531496	451	10.000	0.77	Pedigrí 2.9	Bayesiano
0.51458338076	0.122724109992	0	100.000	0.81	Pedigrí 2.9	Bayesiano
0.50867401427	0.127120295251	148	100.000	0.8	Pedigrí 2.9	Bayesiano
0.45620116549	0.12736105898	298	100.000	0.78	Pedigrí 2.9	Bayesiano
0.4255981264	0.114971438939	451	100.000	0.79	Pedigrí 2.9	Bayesiano
0.48289889709	0.137436895476	0	1.000	0.78	Pedigrí 2.10	Bayesiano
0.50973120179	0.125341374396	148	1.000	0.8	Pedigrí 2.10	Bayesiano
0.48604460912	0.131991506427	298	1.000	0.79	Pedigrí 2.10	Bayesiano
0.35971610592	0.21799107939	451	1.000	0.62	Pedigrí 2.10	Bayesiano
0.48276858671	0.138219925811	0	10.000	0.78	Pedigrí 2.10	Bayesiano
0.49473393337	0.130451621766	148	10.000	0.79	Pedigrí 2.10	Bayesiano
0.45272419477	0.123848103123	298	10.000	0.79	Pedigrí 2.10	Bayesiano
0.42582065362	0.123198679047	451	10.000	0.78	Pedigrí 2.10	Bayesiano
0.48101992246	0.138527036841	0	100.000	0.78	Pedigrí 2.10	Bayesiano
0.48444851005	0.135612450164	148	100.000	0.78	Pedigrí 2.10	Bayesiano
0.44931658229	0.125427292274	298	100.000	0.78	Pedigrí 2.10	Bayesiano
0.42363649589	0.115693120507	451	100.000	0.79	Pedigrí 2.10	Bayesiano
0.45693328513071063	0.16953958206538278	0	1.000	0.73	Pedigrí 2.1	REML
0.46179432843576773	0.1639127485553815	148	1.000	0.74	Pedigrí 2.1	REML
0.45171520548915073	0.1713478312241118	298	1.000	0.72	Pedigrí 2.1	REML
0.3295920216975458	0.22747445431950578	451	1.000	0.59	Pedigrí 2.1	REML
0.45693328513071063	0.16953958206538278	0	10.000	0.73	Pedigrí 2.1	REML
0.4501319762026842	0.16506027889089053	148	10.000	0.73	Pedigrí 2.1	REML
0.42403754236812324	0.16585113619192585	298	10.000	0.72	Pedigrí 2.1	REML
0.4120286465062077	0.12276882011659004	451	10.000	0.77	Pedigrí 2.1	REML
0.45693328513071063	0.16953958206538278	0	100.000	0.73	Pedigrí 2.1	REML
0.45016787318231716	0.164203105251781	148	100.000	0.73	Pedigrí 2.1	REML
0.418964623659916	0.16833893119137686	298	100.000	0.71	Pedigrí 2.1	REML
0.4143481167891924	0.11312301197591625	451	100.000	0.79	Pedigrí 2.1	REML
0.502809501551975	0.12065908937945502	0	1.000	0.81	Pedigrí 2.2	REML
0.4997892163329299	0.12777995886808616	148	1.000	0.8	Pedigrí 2.2	REML
0.48483954021222364	0.12534449304217235	298	1.000	0.79	Pedigrí 2.2	REML
0.3295920216975458	0.22747445431950578	451	1.000	0.59	Pedigrí 2.2	REML
0.502809501551975	0.12065908937945502	0	10.000	0.81	Pedigrí 2.2	REML
0.47714592917671594	0.1390380176897517	148	10.000	0.77	Pedigrí 2.2	REML
0.44575610741464794	0.12585897724781764	298	10.000	0.78	Pedigrí 2.2	REML
0.4120286465062077	0.12276882011659004	451	10.000	0.77	Pedigrí 2.2	REML
0.502809501551975	0.12065908937945502	0	100.000	0.81	Pedigrí 2.2	REML
0.4787671632306372	0.13705842394645051	148	100.000	0.78	Pedigrí 2.2	REML
0.44064595636991094	0.12922299177779478	298	100.000	0.77	Pedigrí 2.2	REML
0.4143481167891924	0.11312301197591625	451	100.000	0.79	Pedigrí 2.2	REML
0.5562705920055971	0.07074963412281819	0	1.000	0.89	Pedigrí 2.3	REML
0.5569261357265923	0.06522187319936738	148	1.000	0.9	Pedigrí 2.3	REML
0.5156364980722886	0.09960541091853554	298	1.000	0.84	Pedigrí 2.3	REML
0.3295920216975458	0.22747445431950578	451	1.000	0.59	Pedigrí 2.3	REML
0.5562705920055971	0.07074963412281819	0	10.000	0.89	Pedigrí 2.3	REML
0.5189014530705506	0.08549308373305566	148	10.000	0.86	Pedigrí 2.3	REML
0.4736628334546168	0.09749455709976512	298	10.000	0.83	Pedigrí 2.3	REML
0.4120286465062077	0.12276882011659004	451	10.000	0.77	Pedigrí 2.3	REML
0.5562705920055971	0.07074963412281819	0	100.000	0.89	Pedigrí 2.3	REML
0.5198856331947944	0.0839577929459672	148	100.000	0.86	Pedigrí 2.3	REML
0.47153346757558134	0.09867533200867538	298	100.000	0.83	Pedigrí 2.3	REML
0.4143481167891924	0.11312301197591625	451	100.000	0.79	Pedigrí 2.3	REML
0.4428647162319121	0.19260056086219451	0	1.000	0.7	Pedigrí 2.4	REML
0.44487290360896836	0.19016293217933314	148	1.000	0.7	Pedigrí 2.4	REML
0.49598585073150825	0.1285400861310552	298	1.000	0.79	Pedigrí 2.4	REML
0.3295920216975458	0.22747445431950578	451	1.000	0.59	Pedigrí 2.4	REML
0.4428647162319121	0.19260056086219451	0	10.000	0.7	Pedigrí 2.4	REML
0.41783101968918285	0.20343678713812616	148	10.000	0.67	Pedigrí 2.4	REML
0.45497493191237903	0.12643588390995047	298	10.000	0.78	Pedigrí 2.4	REML
0.4120286465062077	0.12276882011659004	451	10.000	0.77	Pedigrí 2.4	REML
0.4428647162319121	0.19260056086219451	0	100.000	0.7	Pedigrí 2.4	REML
0.4220794310275817	0.20032586204915015	148	100.000	0.68	Pedigrí 2.4	REML
0.4532934984659489	0.1279047207085066	298	100.000	0.78	Pedigrí 2.4	REML
0.4143481167891924	0.11312301197591625	451	100.000	0.79	Pedigrí 2.4	REML
0.5021206546180672	0.11024759475801729	0	1.000	0.82	Pedigrí 2.5	REML
0.5271891601833941	0.08713620927541978	148	1.000	0.86	Pedigrí 2.5	REML
0.4980533600017989	0.11688750279389029	298	1.000	0.81	Pedigrí 2.5	REML
0.3295920216975458	0.22747445431950578	451	1.000	0.59	Pedigrí 2.5	REML
0.5021206546180672	0.11024759475801729	0	10.000	0.82	Pedigrí 2.5	REML
0.5006937973934318	0.09783491735299478	148	10.000	0.84	Pedigrí 2.5	REML
0.46020589943853235	0.113463323182002	298	10.000	0.8	Pedigrí 2.5	REML
0.4120286465062077	0.12276882011659004	451	10.000	0.77	Pedigrí 2.5	REML
0.5021206546180672	0.11024759475801729	0	100.000	0.82	Pedigrí 2.5	REML
0.5057772436575693	0.09389710339481414	148	100.000	0.84	Pedigrí 2.5	REML
0.45814481494958414	0.1145138645095193	298	100.000	0.8	Pedigrí 2.5	REML
0.4143481167891924	0.11312301197591625	451	100.000	0.79	Pedigrí 2.5	REML
0.553660475724081	0.0803972064905491	0	1.000	0.87	Pedigrí 2.6	REML
0.6010827226355083	0.04844686359678228	148	1.000	0.93	Pedigrí 2.6	REML
0.5437509495209832	0.0831978658658929	298	1.000	0.87	Pedigrí 2.6	REML
0.3295920216975458	0.22747445431950578	451	1.000	0.59	Pedigrí 2.6	REML
0.553660475724081	0.0803972064905491	0	10.000	0.87	Pedigrí 2.6	REML
0.564633896882234	0.06488213237664327	148	10.000	0.9	Pedigrí 2.6	REML
0.5013271555871199	0.07836646961096562	298	10.000	0.86	Pedigrí 2.6	REML
0.4120286465062077	0.12276882011659004	451	10.000	0.77	Pedigrí 2.6	REML
0.553660475724081	0.0803972064905491	0	100.000	0.87	Pedigrí 2.6	REML
0.5727687391899571	0.058684275347464565	148	100.000	0.91	Pedigrí 2.6	REML
0.49688416764983756	0.08077526161818678	298	100.000	0.86	Pedigrí 2.6	REML
0.4143481167891924	0.11312301197591625	451	100.000	0.79	Pedigrí 2.6	REML
0.5230536074491335	0.1173696770254551	0	1.000	0.82	Pedigrí 2.7	REML
0.5192296172599487	0.12259445789696333	148	1.000	0.81	Pedigrí 2.7	REML
0.5050992456569416	0.11364502101048667	298	1.000	0.82	Pedigrí 2.7	REML
0.3295920216975458	0.22747445431950578	451	1.000	0.59	Pedigrí 2.7	REML
0.5230536074491335	0.1173696770254551	0	10.000	0.82	Pedigrí 2.7	REML
0.4895189005806406	0.13760485791152696	148	10.000	0.78	Pedigrí 2.7	REML
0.4785802696717723	0.10193032419758598	298	10.000	0.82	Pedigrí 2.7	REML
0.4120286465062077	0.12276882011659004	451	10.000	0.77	Pedigrí 2.7	REML
0.5230536074491335	0.1173696770254551	0	100.000	0.82	Pedigrí 2.7	REML
0.4933394203234906	0.13418058265838137	148	100.000	0.79	Pedigrí 2.7	REML
0.4720406228157212	0.1056373908771849	298	100.000	0.82	Pedigrí 2.7	REML
0.4143481167891924	0.11312301197591625	451	100.000	0.79	Pedigrí 2.7	REML
0.43134316072884504	0.19197272555485517	0	1.000	0.69	Pedigrí 2.8	REML
0.44703874922662346	0.18164327925270066	148	1.000	0.71	Pedigrí 2.8	REML
0.48416612588939895	0.12844377705212268	298	1.000	0.79	Pedigrí 2.8	REML
0.3295920216975458	0.22747445431950578	451	1.000	0.59	Pedigrí 2.8	REML
0.43134316072884504	0.19197272555485517	0	10.000	0.69	Pedigrí 2.8	REML
0.4197890395353418	0.19249226315643944	148	10.000	0.69	Pedigrí 2.8	REML
0.44204384828218873	0.1315780034556493	298	10.000	0.77	Pedigrí 2.8	REML
0.4120286465062077	0.12276882011659004	451	10.000	0.77	Pedigrí 2.8	REML
0.43134316072884504	0.19197272555485517	0	100.000	0.69	Pedigrí 2.8	REML
0.41824363177117346	0.19265682694372233	148	100.000	0.68	Pedigrí 2.8	REML
0.436814437528478	0.1346768131483258	298	100.000	0.76	Pedigrí 2.8	REML
0.4143481167891924	0.11312301197591625	451	100.000	0.79	Pedigrí 2.8	REML
0.529977697298321	0.10480071378655517	0	1.000	0.83	Pedigrí 2.9	REML
0.5477924132428705	0.0998109869153374	148	1.000	0.85	Pedigrí 2.9	REML
0.4901659804021423	0.12237754191163693	298	1.000	0.8	Pedigrí 2.9	REML
0.3295920216975458	0.22747445431950578	451	1.000	0.59	Pedigrí 2.9	REML
0.529977697298321	0.10480071378655517	0	10.000	0.83	Pedigrí 2.9	REML
0.5166958300940658	0.11443214250169462	148	10.000	0.82	Pedigrí 2.9	REML
0.44723374182181147	0.12371610443718652	298	10.000	0.78	Pedigrí 2.9	REML
0.4120286465062077	0.12276882011659004	451	10.000	0.77	Pedigrí 2.9	REML
0.529977697298321	0.10480071378655517	0	100.000	0.83	Pedigrí 2.9	REML
0.5169564683832035	0.11323486404910954	148	100.000	0.82	Pedigrí 2.9	REML
0.443360066974479	0.12639055486545417	298	100.000	0.78	Pedigrí 2.9	REML
0.4143481167891924	0.11312301197591625	451	100.000	0.79	Pedigrí 2.9	REML
0.47545170729342917	0.13500240517775103	0	1.000	0.78	Pedigrí 2.10	REML
0.5034814356962732	0.12108985015276491	148	1.000	0.81	Pedigrí 2.10	REML
0.4788110971797314	0.12805742438746817	298	1.000	0.79	Pedigrí 2.10	REML
0.3295920216975458	0.22747445431950578	451	1.000	0.59	Pedigrí 2.10	REML
0.47545170729342917	0.13500240517775103	0	10.000	0.78	Pedigrí 2.10	REML
0.47287142093533047	0.13552087566658577	148	10.000	0.78	Pedigrí 2.10	REML
0.43246273862551726	0.12729705227549104	298	10.000	0.77	Pedigrí 2.10	REML
0.4120286465062077	0.12276882011659004	451	10.000	0.77	Pedigrí 2.10	REML
0.47545170729342917	0.13500240517775103	0	100.000	0.78	Pedigrí 2.10	REML
0.47637196913936236	0.1320236491512576	148	100.000	0.78	Pedigrí 2.10	REML
0.4302470652408463	0.12869982959155982	298	100.000	0.77	Pedigrí 2.10	REML
0.4143481167891924	0.11312301197591625	451	100.000	0.79	Pedigrí 2.10	REML
0.58132121117	0.119849430485	0	1.000	0.83	Pedigrí 3.1	Bayesiano
0.56406435713	0.119806275893	148	1.000	0.82	Pedigrí 3.1	Bayesiano
0.56564713176	0.107597726837	298	1.000	0.84	Pedigrí 3.1	Bayesiano
0.36604114854	0.214034823598	451	1.000	0.63	Pedigrí 3.1	Bayesiano
0.59054216134	0.113120112144	0	10.000	0.84	Pedigrí 3.1	Bayesiano
0.56445691966	0.115215728978	148	10.000	0.83	Pedigrí 3.1	Bayesiano
0.52215127398	0.106410015659	298	10.000	0.83	Pedigrí 3.1	Bayesiano
0.43509240444	0.114930710585	451	10.000	0.79	Pedigrí 3.1	Bayesiano
0.58784227138	0.116044945299	0	100.000	0.84	Pedigrí 3.1	Bayesiano
0.56179397694	0.116357121379	148	100.000	0.83	Pedigrí 3.1	Bayesiano
0.52357211773	0.104027744031	298	100.000	0.83	Pedigrí 3.1	Bayesiano
0.43356659337	0.108499630593	451	100.000	0.8	Pedigrí 3.1	Bayesiano
0.55411430698	0.102372925605	0	1.000	0.84	Pedigrí 3.2	Bayesiano
0.5626304472	0.097280970419	148	1.000	0.85	Pedigrí 3.2	Bayesiano
0.52272644745	0.117393655219	298	1.000	0.82	Pedigrí 3.2	Bayesiano
0.3603404968	0.216985191607	451	1.000	0.62	Pedigrí 3.2	Bayesiano
0.55084933072	0.106800871816	0	10.000	0.84	Pedigrí 3.2	Bayesiano
0.54096544454	0.109776634366	148	10.000	0.83	Pedigrí 3.2	Bayesiano
0.4853978739	0.113643867142	298	10.000	0.81	Pedigrí 3.2	Bayesiano
0.43383059171	0.117527282708	451	10.000	0.79	Pedigrí 3.2	Bayesiano
0.55217428808	0.104913458208	0	100.000	0.84	Pedigrí 3.2	Bayesiano
0.5349318816	0.109707310216	148	100.000	0.83	Pedigrí 3.2	Bayesiano
0.48864712136	0.10984372988	298	100.000	0.82	Pedigrí 3.2	Bayesiano
0.43442332287	0.107739322468	451	100.000	0.8	Pedigrí 3.2	Bayesiano
0.58229651935	0.079605084415	0	1.000	0.88	Pedigrí 3.3	Bayesiano
0.58340582962	0.0747509628	148	1.000	0.89	Pedigrí 3.3	Bayesiano
0.52481176498	0.106275189784	298	1.000	0.83	Pedigrí 3.3	Bayesiano
0.36073587079	0.215452976203	451	1.000	0.63	Pedigrí 3.3	Bayesiano
0.57279383022	0.08828313368	0	10.000	0.87	Pedigrí 3.3	Bayesiano
0.57029580025	0.079854849913	148	10.000	0.88	Pedigrí 3.3	Bayesiano
0.48837274438	0.099641551386	298	10.000	0.83	Pedigrí 3.3	Bayesiano
0.43339157481	0.116388714201	451	10.000	0.79	Pedigrí 3.3	Bayesiano
0.57080536836	0.089128573419	0	100.000	0.86	Pedigrí 3.3	Bayesiano
0.56391155732	0.079407073046	148	100.000	0.88	Pedigrí 3.3	Bayesiano
0.48379068528	0.104044820916	298	100.000	0.82	Pedigrí 3.3	Bayesiano
0.43545592467	0.107331073576	451	100.000	0.8	Pedigrí 3.3	Bayesiano
0.59189210682	0.111382561402	0	1.000	0.84	Pedigrí 3.4	Bayesiano
0.56475616863	0.112874064491	148	1.000	0.83	Pedigrí 3.4	Bayesiano
0.53475888215	0.121790701063	298	1.000	0.81	Pedigrí 3.4	Bayesiano
0.36794622381	0.213562001439	451	1.000	0.63	Pedigrí 3.4	Bayesiano
0.57870676976	0.118383257538	0	10.000	0.83	Pedigrí 3.4	Bayesiano
0.54402096668	0.124069070717	148	10.000	0.81	Pedigrí 3.4	Bayesiano
0.49463076593	0.119918373682	298	10.000	0.8	Pedigrí 3.4	Bayesiano
0.43919088736	0.11314092311	451	10.000	0.8	Pedigrí 3.4	Bayesiano
0.57856984826	0.121512309925	0	100.000	0.83	Pedigrí 3.4	Bayesiano
0.55900081935	0.114291405333	148	100.000	0.83	Pedigrí 3.4	Bayesiano
0.48759999564	0.123625988694	298	100.000	0.8	Pedigrí 3.4	Bayesiano
0.43185626479	0.109016226056	451	100.000	0.8	Pedigrí 3.4	Bayesiano
0.58164607678	0.100447303456	0	1.000	0.85	Pedigrí 3.5	Bayesiano
0.57360811624	0.103874669467	148	1.000	0.85	Pedigrí 3.5	Bayesiano
0.54050237038	0.100439230055	298	1.000	0.84	Pedigrí 3.5	Bayesiano
0.36225790853	0.215020048953	451	1.000	0.63	Pedigrí 3.5	Bayesiano
0.58009668766	0.10221653375	0	10.000	0.85	Pedigrí 3.5	Bayesiano
0.56193589769	0.104943390891	148	10.000	0.84	Pedigrí 3.5	Bayesiano
0.4890103891	0.107925547587	298	10.000	0.82	Pedigrí 3.5	Bayesiano
0.43814742822	0.113182335154	451	10.000	0.79	Pedigrí 3.5	Bayesiano
0.59136217355	0.094527331331	0	100.000	0.86	Pedigrí 3.5	Bayesiano
0.57202680773	0.096240222591	148	100.000	0.86	Pedigrí 3.5	Bayesiano
0.48957877674	0.106539799627	298	100.000	0.82	Pedigrí 3.5	Bayesiano
0.43554006891	0.106891257117	451	100.000	0.8	Pedigrí 3.5	Bayesiano
0.47645940697	0.158415481592	0	1.000	0.75	Pedigrí 3.6	Bayesiano
0.49648872094	0.150507124119	148	1.000	0.77	Pedigrí 3.6	Bayesiano
0.50399067815	0.129952888094	298	1.000	0.8	Pedigrí 3.6	Bayesiano
0.35993532994	0.217866196744	451	1.000	0.62	Pedigrí 3.6	Bayesiano
0.47735451273	0.157770623098	0	10.000	0.75	Pedigrí 3.6	Bayesiano
0.46673728046	0.166595336572	148	10.000	0.74	Pedigrí 3.6	Bayesiano
0.46409868905	0.127384830659	298	10.000	0.78	Pedigrí 3.6	Bayesiano
0.43308773295	0.116793034096	451	10.000	0.79	Pedigrí 3.6	Bayesiano
0.48012433857	0.155454518031	0	100.000	0.76	Pedigrí 3.6	Bayesiano
0.47296660028	0.160503689552	148	100.000	0.75	Pedigrí 3.6	Bayesiano
0.46510709138	0.127721675885	298	100.000	0.78	Pedigrí 3.6	Bayesiano
0.43300185185	0.109210251002	451	100.000	0.8	Pedigrí 3.6	Bayesiano
0.51456276519	0.161823197908	0	1.000	0.76	Pedigrí 3.7	Bayesiano
0.54328340774	0.134289752916	148	1.000	0.8	Pedigrí 3.7	Bayesiano
0.49412784826	0.150029770406	298	1.000	0.77	Pedigrí 3.7	Bayesiano
0.36338690929	0.21411436798	451	1.000	0.63	Pedigrí 3.7	Bayesiano
0.52627390937	0.154941066213	0	10.000	0.77	Pedigrí 3.7	Bayesiano
0.5062264446	0.151769216403	148	10.000	0.77	Pedigrí 3.7	Bayesiano
0.44902076829	0.155959383055	298	10.000	0.74	Pedigrí 3.7	Bayesiano
0.43453246729	0.115979293665	451	10.000	0.79	Pedigrí 3.7	Bayesiano
0.5221235163	0.156264154652	0	100.000	0.77	Pedigrí 3.7	Bayesiano
0.5248673429	0.141195589255	148	100.000	0.79	Pedigrí 3.7	Bayesiano
0.45735727913	0.15056829263	298	100.000	0.75	Pedigrí 3.7	Bayesiano
0.43209357556	0.108238584126	451	100.000	0.8	Pedigrí 3.7	Bayesiano
0.59681261632	0.09783513035	0	1.000	0.86	Pedigrí 3.8	Bayesiano
0.57975056245	0.09914041942	148	1.000	0.85	Pedigrí 3.8	Bayesiano
0.51763255693	0.123375741788	298	1.000	0.81	Pedigrí 3.8	Bayesiano
0.36294126054	0.21587538601	451	1.000	0.63	Pedigrí 3.8	Bayesiano
0.60582905353	0.08981614555	0	10.000	0.87	Pedigrí 3.8	Bayesiano
0.56830113358	0.10438036167	148	10.000	0.84	Pedigrí 3.8	Bayesiano
0.49602230314	0.110535637517	298	10.000	0.82	Pedigrí 3.8	Bayesiano
0.43519320914	0.115927293524	451	10.000	0.79	Pedigrí 3.8	Bayesiano
0.5918367352	0.098526806649	0	100.000	0.86	Pedigrí 3.8	Bayesiano
0.55989427681	0.107591469224	148	100.000	0.84	Pedigrí 3.8	Bayesiano
0.48591115532	0.115473964604	298	100.000	0.81	Pedigrí 3.8	Bayesiano
0.43698814249	0.105858480081	451	100.000	0.8	Pedigrí 3.8	Bayesiano
0.56650537971	0.083366692262	0	1.000	0.87	Pedigrí 3.9	Bayesiano
0.56965081247	0.076514330723	148	1.000	0.88	Pedigrí 3.9	Bayesiano
0.52962015674	0.103324949553	298	1.000	0.84	Pedigrí 3.9	Bayesiano
0.36539495972	0.214293058962	451	1.000	0.63	Pedigrí 3.9	Bayesiano
0.56439518255	0.083429947443	0	10.000	0.87	Pedigrí 3.9	Bayesiano
0.55817225551	0.079833260629	148	10.000	0.87	Pedigrí 3.9	Bayesiano
0.49066212107	0.10289670737	298	10.000	0.83	Pedigrí 3.9	Bayesiano
0.43181166113	0.116609104381	451	10.000	0.79	Pedigrí 3.9	Bayesiano
0.56096507194	0.083363729672	0	100.000	0.87	Pedigrí 3.9	Bayesiano
0.55814648421	0.078130441136	148	100.000	0.88	Pedigrí 3.9	Bayesiano
0.49027544715	0.100631096574	298	100.000	0.83	Pedigrí 3.9	Bayesiano
0.43164555125	0.110935819876	451	100.000	0.8	Pedigrí 3.9	Bayesiano
0.56408138685	0.104141219593	0	1.000	0.84	Pedigrí 3.10	Bayesiano
0.56652286635	0.100014350703	148	1.000	0.85	Pedigrí 3.10	Bayesiano
0.51671674405	0.112894801723	298	1.000	0.82	Pedigrí 3.10	Bayesiano
0.3627965332	0.215623225243	451	1.000	0.63	Pedigrí 3.10	Bayesiano
0.55853837183	0.107965387758	0	10.000	0.84	Pedigrí 3.10	Bayesiano
0.54671357754	0.109692794995	148	10.000	0.83	Pedigrí 3.10	Bayesiano
0.48329187176	0.108052514788	298	10.000	0.82	Pedigrí 3.10	Bayesiano
0.43712621661	0.114085592247	451	10.000	0.79	Pedigrí 3.10	Bayesiano
0.56150507109	0.106155227189	0	100.000	0.84	Pedigrí 3.10	Bayesiano
0.56295067881	0.098715255119	148	100.000	0.85	Pedigrí 3.10	Bayesiano
0.48101503145	0.109409120802	298	100.000	0.81	Pedigrí 3.10	Bayesiano
0.43388518939	0.109185233423	451	100.000	0.8	Pedigrí 3.10	Bayesiano
0.565124706284867	0.12576038015732235	0	1.000	0.82	Pedigrí 3.1	REML
0.5409310832206061	0.12783179621507432	148	1.000	0.81	Pedigrí 3.1	REML
0.5433422977112048	0.1143763261734004	298	1.000	0.83	Pedigrí 3.1	REML
0.3295920216975458	0.22747445431950578	451	1.000	0.59	Pedigrí 3.1	REML
0.565124706284867	0.12576038015732235	0	10.000	0.82	Pedigrí 3.1	REML
0.517185084728166	0.13862073876524802	148	10.000	0.79	Pedigrí 3.1	REML
0.49024381587631105	0.11796653587935625	298	10.000	0.81	Pedigrí 3.1	REML
0.4120286465062077	0.12276882011659004	451	10.000	0.77	Pedigrí 3.1	REML
0.565124706284867	0.12576038015732235	0	100.000	0.82	Pedigrí 3.1	REML
0.5206279293385716	0.13531690333295238	148	100.000	0.79	Pedigrí 3.1	REML
0.48651329387479053	0.12081584697983551	298	100.000	0.8	Pedigrí 3.1	REML
0.4143481167891924	0.11312301197591625	451	100.000	0.79	Pedigrí 3.1	REML
0.5432704214383917	0.10622800870409274	0	1.000	0.84	Pedigrí 3.2	REML
0.5499518905968139	0.09950332867006766	148	1.000	0.85	Pedigrí 3.2	REML
0.5013438941973039	0.12311418184700221	298	1.000	0.8	Pedigrí 3.2	REML
0.3295920216975458	0.22747445431950578	451	1.000	0.59	Pedigrí 3.2	REML
0.5432704214383917	0.10622800870409274	0	10.000	0.84	Pedigrí 3.2	REML
0.5131331191763774	0.11962420014638157	148	10.000	0.81	Pedigrí 3.2	REML
0.46167598323363884	0.12089219516955876	298	10.000	0.79	Pedigrí 3.2	REML
0.4120286465062077	0.12276882011659004	451	10.000	0.77	Pedigrí 3.2	REML
0.5432704214383917	0.10622800870409274	0	100.000	0.84	Pedigrí 3.2	REML
0.5123734433153077	0.1190531936367569	148	100.000	0.81	Pedigrí 3.2	REML
0.4554004167669001	0.12468259978038404	298	100.000	0.79	Pedigrí 3.2	REML
0.4143481167891924	0.11312301197591625	451	100.000	0.79	Pedigrí 3.2	REML
0.6664895673393675	0.02164937014518928	0	1.000	0.97	Pedigrí 3.3	REML
0.672917952120896	0.010113878033492247	148	1.000	0.99	Pedigrí 3.3	REML
0.5040609339137855	0.11161263367182354	298	1.000	0.82	Pedigrí 3.3	REML
0.3295920216975458	0.22747445431950578	451	1.000	0.59	Pedigrí 3.3	REML
0.6664895673393675	0.02164937014518928	0	10.000	0.97	Pedigrí 3.3	REML
0.6353573825848052	0.027218885649298953	148	10.000	0.96	Pedigrí 3.3	REML
0.47258172266077075	0.10360513504041498	298	10.000	0.82	Pedigrí 3.3	REML
0.4120286465062077	0.12276882011659004	451	10.000	0.77	Pedigrí 3.3	REML
0.6664895673393675	0.02164937014518928	0	100.000	0.97	Pedigrí 3.3	REML
0.6412719619265188	0.022169408814075465	148	100.000	0.97	Pedigrí 3.3	REML
0.46875880022684074	0.10594904597777807	298	100.000	0.82	Pedigrí 3.3	REML
0.4143481167891924	0.11312301197591625	451	100.000	0.79	Pedigrí 3.3	REML
0.5702750067572628	0.11929035368937095	0	1.000	0.83	Pedigrí 3.4	REML
0.5210819514330963	0.13447337105435433	148	1.000	0.79	Pedigrí 3.4	REML
0.4970473511291053	0.13679220241885195	298	1.000	0.78	Pedigrí 3.4	REML
0.3295920216975458	0.22747445431950578	451	1.000	0.59	Pedigrí 3.4	REML
0.5702750067572628	0.11929035368937095	0	10.000	0.83	Pedigrí 3.4	REML
0.49215097848546235	0.1488785050974943	148	10.000	0.77	Pedigrí 3.4	REML
0.4551931332545953	0.1374863004518823	298	10.000	0.77	Pedigrí 3.4	REML
0.4120286465062077	0.12276882011659004	451	10.000	0.77	Pedigrí 3.4	REML
0.5702750067572628	0.11929035368937095	0	100.000	0.83	Pedigrí 3.4	REML
0.4941040780241678	0.1468579111757492	148	100.000	0.77	Pedigrí 3.4	REML
0.4487679848913458	0.14134280608959965	298	100.000	0.76	Pedigrí 3.4	REML
0.4143481167891924	0.11312301197591625	451	100.000	0.79	Pedigrí 3.4	REML
0.594495964292829	0.08856977628357407	0	1.000	0.87	Pedigrí 3.5	REML
0.5739470999925427	0.09499231980638637	148	1.000	0.86	Pedigrí 3.5	REML
0.517652150349847	0.10785244408893291	298	1.000	0.83	Pedigrí 3.5	REML
0.3295920216975458	0.22747445431950578	451	1.000	0.59	Pedigrí 3.5	REML
0.594495964292829	0.08856977628357407	0	10.000	0.87	Pedigrí 3.5	REML
0.5371839458651724	0.1124149559200368	148	10.000	0.83	Pedigrí 3.5	REML
0.4691331619456989	0.11227111442517879	298	10.000	0.81	Pedigrí 3.5	REML
0.4120286465062077	0.12276882011659004	451	10.000	0.77	Pedigrí 3.5	REML
0.594495964292829	0.08856977628357407	0	100.000	0.87	Pedigrí 3.5	REML
0.5372436851412214	0.11180642522636419	148	100.000	0.83	Pedigrí 3.5	REML
0.4641827513955152	0.1148349657769697	298	100.000	0.8	Pedigrí 3.5	REML
0.4143481167891924	0.11312301197591625	451	100.000	0.79	Pedigrí 3.5	REML
0.42543168060154407	0.1879489683718016	0	1.000	0.69	Pedigrí 3.6	REML
0.42085483054272466	0.1945853122903549	148	1.000	0.68	Pedigrí 3.6	REML
0.46875923581190204	0.14470039266899462	298	1.000	0.76	Pedigrí 3.6	REML
0.3295920216975458	0.22747445431950578	451	1.000	0.59	Pedigrí 3.6	REML
0.42543168060154407	0.1879489683718016	0	10.000	0.69	Pedigrí 3.6	REML
0.4001870140271399	0.20472789963282276	148	10.000	0.66	Pedigrí 3.6	REML
0.4335424818130716	0.14074395418419447	298	10.000	0.75	Pedigrí 3.6	REML
0.4120286465062077	0.12276882011659004	451	10.000	0.77	Pedigrí 3.6	REML
0.42543168060154407	0.1879489683718016	0	100.000	0.69	Pedigrí 3.6	REML
0.40276248411483617	0.2018635785031216	148	100.000	0.67	Pedigrí 3.6	REML
0.42965846809126695	0.1429404423744068	298	100.000	0.75	Pedigrí 3.6	REML
0.4143481167891924	0.11312301197591625	451	100.000	0.79	Pedigrí 3.6	REML
0.4640437346694049	0.18935007389141043	0	1.000	0.71	Pedigrí 3.7	REML
0.47949743967590136	0.16864665952757935	148	1.000	0.74	Pedigrí 3.7	REML
0.446819960974199	0.17322914718853455	298	1.000	0.72	Pedigrí 3.7	REML
0.3295920216975458	0.22747445431950578	451	1.000	0.59	Pedigrí 3.7	REML
0.4640437346694049	0.18935007389141043	0	10.000	0.71	Pedigrí 3.7	REML
0.4508858074084607	0.1822113878876524	148	10.000	0.71	Pedigrí 3.7	REML
0.408791707186456	0.17518463619501956	298	10.000	0.7	Pedigrí 3.7	REML
0.4120286465062077	0.12276882011659004	451	10.000	0.77	Pedigrí 3.7	REML
0.4640437346694049	0.18935007389141043	0	100.000	0.71	Pedigrí 3.7	REML
0.45078829800336695	0.18169607717211606	148	100.000	0.71	Pedigrí 3.7	REML
0.40582925514611895	0.17710173846664085	298	100.000	0.7	Pedigrí 3.7	REML
0.4143481167891924	0.11312301197591625	451	100.000	0.79	Pedigrí 3.7	REML
0.6202580504121309	0.0768655640186007	0	1.000	0.89	Pedigrí 3.8	REML
0.5869853392805819	0.09014907048188091	148	1.000	0.87	Pedigrí 3.8	REML
0.48676272169979423	0.1338717449781007	298	1.000	0.78	Pedigrí 3.8	REML
0.3295920216975458	0.22747445431950578	451	1.000	0.59	Pedigrí 3.8	REML
0.6202580504121309	0.0768655640186007	0	10.000	0.89	Pedigrí 3.8	REML
0.5422322493114662	0.11216753427048365	148	10.000	0.83	Pedigrí 3.8	REML
0.4625123784105163	0.12317539768071982	298	10.000	0.79	Pedigrí 3.8	REML
0.4120286465062077	0.12276882011659004	451	10.000	0.77	Pedigrí 3.8	REML
0.6202580504121309	0.0768655640186007	0	100.000	0.89	Pedigrí 3.8	REML
0.5477350652826886	0.10802765380789865	148	100.000	0.84	Pedigrí 3.8	REML
0.4581754947344259	0.12511329107526956	298	100.000	0.79	Pedigrí 3.8	REML
0.4143481167891924	0.11312301197591625	451	100.000	0.79	Pedigrí 3.8	REML
0.6305397910901164	0.035369995080750415	0	1.000	0.95	Pedigrí 3.9	REML
0.6457234131373043	0.021516814420111132	148	1.000	0.97	Pedigrí 3.9	REML
0.5136208934777257	0.10687522211546319	298	1.000	0.83	Pedigrí 3.9	REML
0.3295920216975458	0.22747445431950578	451	1.000	0.59	Pedigrí 3.9	REML
0.6305397910901164	0.035369995080750415	0	10.000	0.95	Pedigrí 3.9	REML
0.6022531925817806	0.04223546550559865	148	10.000	0.93	Pedigrí 3.9	REML
0.4821152222713137	0.09938153303599588	298	10.000	0.83	Pedigrí 3.9	REML
0.4120286465062077	0.12276882011659004	451	10.000	0.77	Pedigrí 3.9	REML
0.6305397910901164	0.035369995080750415	0	100.000	0.95	Pedigrí 3.9	REML
0.6053339039427472	0.039263016832542116	148	100.000	0.94	Pedigrí 3.9	REML
0.4775517455660373	0.10223477316413687	298	100.000	0.82	Pedigrí 3.9	REML
0.4143481167891924	0.11312301197591625	451	100.000	0.79	Pedigrí 3.9	REML
0.5465247125425708	0.11079036662397496	0	1.000	0.83	Pedigrí 3.10	REML
0.5458117517555873	0.1046541108221068	148	1.000	0.84	Pedigrí 3.10	REML
0.48308643388842015	0.12618560675836815	298	1.000	0.79	Pedigrí 3.10	REML
0.3295920216975458	0.22747445431950578	451	1.000	0.59	Pedigrí 3.10	REML
0.5465247125425708	0.11079036662397496	0	10.000	0.83	Pedigrí 3.10	REML
0.5182748060668436	0.11957328100041856	148	10.000	0.81	Pedigrí 3.10	REML
0.45282570257637594	0.12074055496925454	298	10.000	0.79	Pedigrí 3.10	REML
0.4120286465062077	0.12276882011659004	451	10.000	0.77	Pedigrí 3.10	REML
0.5465247125425708	0.11079036662397496	0	100.000	0.83	Pedigrí 3.10	REML
0.5228982182852954	0.11577846742642561	148	100.000	0.82	Pedigrí 3.10	REML
0.4487623045565421	0.12333247304636583	298	100.000	0.78	Pedigrí 3.10	REML
0.4143481167891924	0.11312301197591625	451	100.000	0.79	Pedigrí 3.10	REML
